F7;1745774487233;010134134145012047103103134008008008103058005084053053067058013035053053067058061061061061051015039024096144;091999091309999999190991909090099999999999909999902090099909
F7;1745774681740;010015051100046046073073065026046046073073016058058058005016016013035115060060017042042042060038018012108108;990990290999990999090999999199990099991990009119990939090999
F7;1745775009284;015008008008002002053053018005031002053053102024019070034034143074080058034034122133133058044068122133012058;299999991999901999991090999990010990099999199009009993990999
F7;1745775086023;013012060008008008059060060005035010046046052064105102046046073073024015089045073073103103135135135067067103;991990391900990990019999911999992999090999990099909990999099
F7;1745788920598;092092032013014015092039036010014051068052036036014005058130034034018097058084034034029029058110110012029029;900929909999090909999090991999091099999099019091999039999999
F7;1746077996154;130010100028029029133133082082029029040133065066105004040104104066015135051104104066044135072094012066005135;090090909999099999999999900900999091929999990999990390909911
F7;1746078750309;022022022022098057012133133098098102023023133013039005023023015007113078053053140040097078053053072040056051;999909099993919199999190999999001992119999999000099999999000
F7;1746080161027;015036036027024022047051036027010022094007005063013022133133008008008022133105061061061061037037037012041004;299909999999990900109900909991099999999099109999990030999990
F7;1746080354414;077015006006006006077102002083024014077002002065086014005074030039062014057067016016046046013067016012046046;999999209991909099999999909109909110900919099090999939909999
F7;1746080430663;088088012052130008088088063090001008035079135135135008085085005013073073016016093133073073047016015133133145;999909930099010999919900999991009909999919999199909999092990
F7;1746080479905;047133081014014014133133011044035050006006006006106050012066066066066060094080017018060060143005135135135015;990990909999909990090999999909900399999199091009919999911992
F7;1746080560900;068012098098084018000036036098005061000036112112013061000081093051015061000026088088031061094083088088091091;999900319090991199090999999990999909929090999090909990909999
F7;1746163701094;075075065012016024010075063021016016029029096021138077029029005046046077007035064046046077015044008008008072;999900903999090999099999000999199919991919990919929990990990
F7;1746163904947;075075065012016024010075063021016016029029096021138077029029005046046077007035064046046077015044008008008072;999900909999090999099999000999199919991909990919929990990990
F7;1746163932158;053053012034034015053053130034034008131119095005013008131059071057121008131145036121121083131018036036078078;999929939999199991919901199909909900909909990909090999999909
F7;1746164598607;078018088088031035078028088088038051073073130037037037073073105005024015022022022022050050013109012135135135;999909099099990900099090999999192911999199099999990300909999
F7;1746165800884;000000000000048047035019032096027027039005075058058058013036075075081008036036073073030008015051073073012008;999909990090009999090901999919990099199990199999029993990999
F7;1746166664139;135135135059111026040046046005010015040046046105023023061061061061023023013035016071078078130113016016012051;999110901929999999910999999990199999099991999991900903000999
F7;1746168440730;085085012006143135051073073006084135004073073006002135081031037006002002113018037005016015013052037010016016;999909039090990999999909190900999099990991990991909999290099
F7;1746168595197;051000000000000067015114019056005067078078145039075075013006006006006075046046034034090143046046034034012035;099909999992111199999199099900919099999999199090099993099999
F7;1746168851013;002015029029018092002002029029092092104104061005004105104104061100044055091122061119089080091122061012072051;929099999999999990919099109999990909099990900910099930090999
F7;1746169614172;022022022022134134012092092111010134077058092094085085077058029029005086077058029029052032044028143068015064;999099090993999999900990909991999099119999919999099009100992
F7;1746169744920;015122005051046046109122073073046046083068073073103022032074058103103022082044058089080022082086058012072022;919092919991999999990999999009199009990991099909090930990999
F7;1746169879939;014014014010015002068053053105002002058053053070005122058039036036109122058090036059029029013064012093029029;999929900999999909901909999999019999199099900009990309909909
F7;1746170241276;035102012064044015046046008033036131046046008036036131133059008106005131133133072029029131014014014029029018;099099030929099999909999099909999091119999999909090999099999
F7;1746170337020;112112039012010085135135135088088085023023005088088131023023045036036131015013099036130131072069100004026131;999999003099999099099991190990909999992009999999099090900909
F7;1746170401767;039012014014014072094054037037037006075022022022022006075075005044057006024062086082098006018064015082098098;999900309990099091999919999999909910999019990910990999909299